0.1444020426074675,0.01385268022957894,0.,0.00020515930881201318
0.018308948853490842,0.17475544963237594,0.,0.00033701427545919024
0.21368114222955814,0.06987577989457752,0.,0.0003260041480893476
0.13485433891028356,0.02581215118708254,0.,0.0002638707988016592
0.1387712894338447,0.08791985361747595,0.,0.0001832765633176421
0.8860390849243445,0.9644803337861341,0.,0.00021611244261410256
0.8412635445658887,0.928656500318137,0.,0.0002712680234694398
0.18039978433295972,0.021049385937587692,0.,0.00029755563160419594
0.22531986962889666,0.018648775188833018,0.,0.00034705740484728635
0.1901731686306716,0.01293257765234584,0.,0.0003902685561502752
0.03153802913617045,0.12658081138621727,0.,0.0002604513831530866
0.02100482760177843,0.1364450465123512,0.,0.0003931332491314385
0.15460263933263757,0.05951307708196155,0.,0.00036268712480586746
0.13063809686746503,0.07775610481802346,0.,0.00016834626063629704
0.12114865080008533,0.025565697776191727,0.,0.0003237280677793442
0.22701976210148578,0.04797532016114437,0.,0.00034232120587907294
0.2636721836093217,0.020882228668956077,0.,0.0003868089262808183
0.052518770108043136,0.10881742051173893,0.,0.00022261446146249917
0.34056710652325395,0.15443982635254352,0.,0.000357441937750079
0.03287130298955407,0.17886381018599068,0.,0.0003042665929618542
0.2124857306953068,0.008036649962628636,0.,0.00028075325707139706
0.06945332199150918,0.18585154202308585,0.,0.00035729184007228087
0.22134132930793987,0.03356700661568544,0.,0.00031223432792683303
0.8413647344975154,0.9826713317133482,0.,0.00021482473914818945
0.2860390849257555,0.36448033378451533,0.,0.00021611244269994362
0.27358913842099747,0.031312072603458585,0.,0.00025473740200885817
0.3232109134088747,0.130150203554469,0.,0.00017015721857016608
0.2566754213971144,0.36443102257507426,0.,0.00024969450730716325
0.24136473449751739,0.38267133171334944,0.,0.00021482473914819639
0.2856148967669517,0.05002252507855882,0.,0.0002759461782511404
0.24126354456271532,0.32865650031770227,0.,0.00027126802350040113
0.37443430143875106,0.12114865227650702,0.,0.0003237281326849764
0.3861473197417094,0.14440204601780543,0.,0.00020515936257492484
0.6839594482615695,0.860358136637403,0.,0.00017444558749019068
0.916040551738424,0.739641863362591,0.,0.00017444558749019068
0.38982346137559826,0.1683138706551677,0.,0.00026037221907828506
0.3870674174997589,0.19017318147433881,0.,0.0003902688885450631
0.36931783962225007,0.15714274468108153,0.,0.00022714103572192904
0.757914073743748,0.6300412241178115,0.,0.0002232245980689218
0.37895060680859505,0.18039979363219955,0.,0.00029755581386975427
0.08460968279272438,0.259539816681042,0.,0.00017435987130738975
0.37418784723162746,0.13485434131485433,0.,0.00026387086974479987
0.26035813663219015,0.3160405517343655,0.,0.00017444558748954536
0.16831386381432714,0.010176536864932872,0.,0.00026037207213712964
0.8566754213971124,0.9644310225750721,0.,0.00024969450730727427
0.3127427938143358,0.13794579255529865,0.,0.00018359060065997745
0.007834110044275411,0.18750109564467438,0.,0.000272849053143722
0.025250760157938704,0.26413622921618557,0.,0.00025852738238008174
0.860358136637403,0.9160405517384247,0.,0.00017444558749013517
0.6471992307829355,0.7998467481107581,0.,0.00023554297225703014
0.01347380890514856,0.2545841263069494,0.,0.0002010990978891853
0.00982682075585814,0.23090964023365215,0.,0.00024924096491829454
0.15777960903495036,0.017820640498135573,0.,0.0002214593498416598
0.8420859262562461,0.9699587758821828,0.,0.00022322459806900508
0.019424387633692825,0.1989071303042445,0.,0.00030191055783008623
0.8221543719357793,0.9595767690219998,0.,0.0003881455262766398
0.07415715001466046,0.2669756081280057,0.,0.00016723500674353624
0.0249710871465262,0.2777695420797121,0.,0.00031881926989838286
0.6404232309779944,0.8221543719357793,0.,0.0003881455262765843
0.22215437193508772,0.3595767690224759,0.,0.00038814552624876625
0.09367368951349848,0.3364568993078099,0.,0.0002721407547154678
0.034626866421656785,0.30061803331773157,0.,0.00024083933117492046
0.013392421638905454,0.16105246149636543,0.,0.00036519281126714404
0.04035181581554806,0.22204721191886248,0.,0.0003838978721528389
0.05794886577293008,0.24394161850942303,0.,0.0003225255874817392
0.9595767690219996,0.7778456280642146,0.,0.0003881455262765843
0.01249539329371006,0.20952837747142672,0.,0.0003652780597032091
0.1424405276390348,0.036217626599327396,0.,0.0002544451197727775
0.2674372207628364,0.3267908808196806,0.,0.00016922533291425373
0.2777695405977263,0.3750289120938606,0.,0.0003188193333645839
0.37991412553537207,0.2012080636339141,0.,0.00032518644434817445
0.3494826914629796,0.28668097958712996,0.,0.0002747154956418002
0.3003893541337125,0.36563600593722323,0.,0.00023659814634457987
0.11318862391110074,0.3696470108823194,0.,0.00036730871051103564
0.10500034406453776,0.06294241933533799,0.,0.00032000364755117427
0.04686782062182546,0.1997890366778517,0.,0.0002279497037538645
0.2641362268164662,0.3747492383029948,0.,0.0002585274511792135
0.9805298442138165,0.8012936149688097,0.,0.0003134578667048915
0.19870638503246787,0.38052984421411007,0.,0.00031345786663117964
0.20952836462234084,0.38750460185038593,0.,0.00036527838095450765
0.17837099609288165,0.035239634992178415,0.,0.00018567344335397714
0.8058840666419053,0.6347808512606755,0.,0.00025725257102587884
0.21908543173280765,0.37963830321213166,0.,0.00028373286545980286
0.23090963340003823,0.3901731774547346,0.,0.00024924110911782316
0.15849702287126605,0.09950428448495331,0.,0.0002443177356899959
0.7528588216337979,0.707638290555305,0.,0.0002063187982651038
0.2545841229054171,0.38652619106832714,0.,0.00020109915030969844
0.7868487725961978,0.9920595633731112,0.,0.00028788374346055967
0.8012936149688097,0.6194701557861798,0.,0.00031345786670486375
0.3659422760591176,0.22192019963158816,0.,0.0003234427291380973
0.3682713660721867,0.2747712242135858,0.,0.0002535614632469263
0.20566521835107723,0.03552053861171643,0.,0.0002595523909792478
0.2879251976841588,0.027621518075851288,0.,0.0002468287367201234
0.047070260126306475,0.17353041452398116,0.,0.00033242176423153424
0.7358637731835304,0.6252507616970033,0.,0.00025852745117918574
0.9750289120938584,0.7222304594022697,0.,0.0003188193333645284
0.020361689514398797,0.21908544103891484,0.,0.00028373268619042965
0.7222304594022712,0.6249710879061389,0.,0.0003188193333645284
0.7690903665999583,0.6098268225452645,0.,0.00024924110911775377
0.6522934942255482,0.8142642479361157,0.,0.0002818282052940435
0.15714273958041225,0.030682155777485093,0.,0.00022714098408189477
0.7454158770945798,0.6134738089316722,0.,0.000201099150309636
0.6203616967878658,0.8190854317328055,0.,0.0002837328654597404
0.7809145682671887,0.6203616967878661,0.,0.00028373286545976817
0.6302041781856179,0.712893189553885,0.,0.00035632674186622526
0.23903603142680033,0.013529708057796868,0.,0.0003699953989429361
0.2003452831881855,0.048186594289210294,0.,0.00023764870991907754
0.6551088339591626,0.68215780136428,0.,0.0002445111635046293
0.6996106458676945,0.6343639940611563,0.,0.0002365981463183786
0.9920595633731113,0.8131512274037966,0.,0.00028788374346050416
0.3918575336546708,0.21313739347268434,0.,0.0002961841021290809
0.7558799930139097,0.6578892465845085,0.,0.00031807115322579627
0.1868487726003636,0.39205956337380066,0.,0.00028788374336446987
0.7325627792342135,0.6732091191744198,0.,0.0001692253329267368
0.7904716353776556,0.6124953981496131,0.,0.0003652783809544591
0.2010079786433269,0.02004061650921511,0.,0.0003132945470135538
0.6194701557861797,0.7987063850311845,0.,0.00031345786670486375
0.3386601455844135,0.10518968569189333,0.,0.0003060260264076235
0.027724875657652588,0.11212752203770476,0.,0.0002515814121616766
0.8746098090925122,0.6319433161325916,0.,0.0002589397381209668
0.9656360059388407,0.6996106458676927,0.,0.00023659814631848963
0.9699587758821827,0.757914073743748,0.,0.00022322459806889405
0.6300412241178114,0.8420859262562461,0.,0.00022322459806900508
0.8217169965883968,0.6333677848917175,0.,0.0003155478961905378
0.03004121955199738,0.24208593132330794,0.,0.0002232245472819144
0.9267908808255744,0.7325627792342135,0.,0.00016922533292662578
0.9747492383029926,0.7358637731835298,0.,0.000258527451179269
0.6713434996818572,0.8412635445658887,0.,0.0002712680234694953
0.6355689774249221,0.8566754213971124,0.,0.00024969450730721876
0.9865261910683256,0.7454158770945788,0.,0.0002010991503096915
0.9796383032121301,0.7809145682671885,0.,0.00028373286545985144
0.964480333786133,0.7139609150756497,0.,0.00021611244261415807
0.9286565003181364,0.7587364554341052,0.,0.0002712680234693843
0.9901731774547333,0.7690903665999578,0.,0.00024924110911789255
0.617328668286648,0.841364734497515,0.,0.00021482473914818945
0.6821578013642787,0.9448911660408326,0.,0.00024451116350465707
0.24208592625624825,0.369958775882185,0.,0.0002232245980689565
0.8131512274037963,0.6079404366268867,0.,0.00028788374346050416
0.7396418633625911,0.6839594482615703,0.,0.0001744455874903017
0.987504601850385,0.7904716353776555,0.,0.0003652783809545701
0.6079404366268869,0.7868487725961979,0.,0.00028788374346044865
0.6124953981496128,0.8095283646223386,0.,0.00036527838095440357
0.03454843244503738,0.19437971083852448,0.,0.00024895944376248985
0.36472016359883913,0.1783452089512496,0.,0.00018744353230636807
0.6249710879061374,0.8777695405977235,0.,0.0003188193333645839
0.6252507616970026,0.8641362268164637,0.,0.000258527451179158
0.052077327140641484,0.21403633197800898,0.,0.00027773506541282043
0.7857357520638786,0.6522934942255485,0.,0.0002818282052939325
0.6343639940611543,0.9003893541323006,0.,0.0002365981463183231
0.9652191487393187,0.8058840666419053,0.,0.00025725257102582333
0.9459805224203529,0.8923673998925855,0.,0.0002461196421139622
0.673209119174419,0.8674372207657802,0.,0.0001692253329267368
0.09592959980785784,0.24123796044384394,0.,0.00022642854854205627
0.35148311594447523,0.20028834848890453,0.,0.0002452427392803519
0.657889246584508,0.8441200069860841,0.,0.00031807115322574075
0.613473808931671,0.8545841229054145,0.,0.000201099150309636
0.7587364554341054,0.6713434996818579,0.,0.0002712680234694953
0.7433245786028817,0.6355689774249222,0.,0.000249694507307191
0.7128931895538833,0.9697958218143793,0.,0.00035632674186630853
0.7586352655024791,0.6173286682866486,0.,0.0002148247391481617
0.6098268225452639,0.8309096334000359,0.,0.0002492411091177815
0.11237751346647165,0.03767055351434157,0.,0.0002763012470427108
0.8674372207657802,0.9267908808255753,0.,0.00016922533292679232
0.8777695405977248,0.9750289120938601,0.,0.0003188193333646394
0.03556897409025686,0.2566754245000288,0.,0.00024969444611063494
0.017328665588081348,0.24136473961492888,0.,0.00021482465290484669
0.9666322151082767,0.8217169965883968,0.,0.0003155478961906488
0.900389354132302,0.9656360059388428,0.,0.00023659814631848963
0.9826713317133475,0.7586352655024786,0.,0.00021482473914813394
0.03578253728041789,0.2862677644095205,0.,0.00023003576493253004
0.8309096334000363,0.9901731774547341,0.,0.00024924110911789255
0.07142167431337011,0.24077284798446347,0.,0.0002765077431563616
0.8190854317328056,0.9796383032121302,0.,0.00028373286545985144
0.7987063850311845,0.9805298442138165,0.,0.0003134578667048915
0.3637823699876952,0.14244053076640098,0.,0.00025444518281952586
0.38217935680828236,0.15777961416704359,0.,0.0002214594371267621
0.8545841229054154,0.9865261910683266,0.,0.0002010991503096915
0.8095283646223388,0.9875046018503851,0.,0.0003652783809544591
0.1795618404818994,0.055671751458803244,0.,0.0002414568093058395
0.36283771060118897,0.11241842986711661,0.,0.00025978052550863426
0.8641362268164645,0.9747492383029934,0.,0.0002585274511792135
0.36273150097981005,0.1656224164882557,0.,0.00019015291890313313
0.10802142861739934,0.24553129406617505,0.,0.00020732019553682673
0.9680566838674041,0.8746098090925131,0.,0.0002589397381209668
0.8923673998925854,0.6540194775796416,0.,0.0002461196421140177
0.7139609150756505,0.6355196662138629,0.,0.00021611244261413032
0.964431022575072,0.7433245786028817,0.,0.00024969450730710774
0.7778456280642146,0.6404232309779947,0.,0.0003881455262766398
0.6355196662138618,0.8860390849243439,0.,0.00021611244261410256
0.16564820611971098,0.03722830119887312,0.,0.00018985273207437888
0.15435135612155162,0.11217181822803532,0.,0.00022369971040536556
0.11056463055842403,0.2575430687879781,0.,0.0001898244004750367
0.21271565656798166,0.05750420989941358,0.,0.0002787281449797138
0.18431691632895775,0.06843140525499544,0.,0.0002635292997689616
0.05618722886287321,0.18782224416291418,0.,0.0002673525898694122
0.06650012842070452,0.21565616674616264,0.,0.0002473520968866022
0.0803355279373464,0.1706792516035754,0.,0.000247229967191882
0.1578857116858462,0.07375101845050415,0.,0.0003176113350418959
0.07471078288543649,0.22625685813792024,0.,0.0002472980862385666
0.042529501020923434,0.2345926028219789,0.,0.00031833628522211135
0.18667441379067928,0.04726384167141016,0.,0.0002226819613996107
0.16546704508537022,0.050085059923259734,0.,0.0001891680615742292
0.1419437264718301,0.11512334652411756,0.,0.00020482164462648847
0.17350519328563713,0.07708265508799454,0.,0.0002668360896154994
0.0935329873814581,0.13374634495633195,0.,0.00015923819874789392
0.08828184421692958,0.3581360551996826,0.,0.00024207738339152886
0.12422477229886175,0.09907164251200425,0.,0.00028419984407067854
0.14008158842560087,0.05219178917941725,0.,0.0003956743021041372
0.185428897645502,0.09665925964351954,0.,0.00036365311887182235
0.14948886395287314,0.08702006816406917,0.,0.00031761133504189156
0.09450715369027808,0.2742896198318471,0.,0.00026418432390851523
0.05100936520171773,0.25836829941919476,0.,0.00037102016918038813
0.09692061862901946,0.22686591687053795,0.,0.0002483621872261931
0.08399052444503449,0.24917191292349697,0.,0.0002765077431563616
0.23871293840858232,0.0712974315781954,0.,0.00027508596383225836
0.3642483465413304,0.20592842164583083,0.,0.00026784634922775996
0.3440784346490592,0.17930901275198033,0.,0.00024209209790401753
0.19984674811039174,0.3528007692191762,0.,0.00023554297220764603
0.1725898620935941,0.09257849104265321,0.,0.0002865499639266092
0.1667305472344397,0.1310548366761563,0.,0.0002646987012178935
0.0882706518382625,0.22028387950364775,0.,0.00025901481131535876
0.1266141530517353,0.23401337273324918,0.,0.00025078460902188543
0.22139528887462492,0.14849575802599693,0.,0.0002341059032241015
0.09341220635862724,0.1461976124786809,0.,0.00017992787882008168
0.20398703632437526,0.1348246053430306,0.,0.0003153448880914775
0.17828300341581166,0.3666322151114183,0.,0.00031554789609900685
0.16704817822775947,0.12020655200474895,0.,0.00026236795198685513
0.13511469205935017,0.127100503207281,0.,0.00022703800958707478
0.11605828398318907,0.2335044754434228,0.,0.00024315711008272844
0.12159227884623425,0.263731666736682,0.,0.00019411867893068951
0.24251675932632982,0.304297559572012,0.,0.00022533485417782634
0.08224155868313393,0.3447597959969305,0.,0.00024695390479793564
0.1305572391212728,0.2594101580908614,0.,0.0002017502304778422
0.10545980843857733,0.2814491067677699,0.,0.0003264942082445415
0.09275169894649218,0.3012867664828699,0.,0.00025065392115535684
0.05835381192597691,0.2918036899500516,0.,0.0002880587486456601
0.043752427407737715,0.15092832890400015,0.,0.00025487430280093926
0.07365524391151225,0.06703559062782066,0.,0.0002917945708463361
0.1398340857286622,0.13629824671865032,0.,0.0002363391315041985
0.11394358147760278,0.11607420868202502,0.,0.00020242540004375854
0.07221822915955126,0.12030671792447496,0.,0.00025834389272434005
0.09262837400239488,0.05135815830125083,0.,0.0002773563776517758
0.8401551011832744,0.6138385623593342,0.,0.0003727918929721241
0.8890658287168138,0.6282880346494635,0.,0.0002497150745443544
0.9528007692170585,0.8001532518892361,0.,0.00023554297225703014
0.8001532518892361,0.6471992307829356,0.,0.00023554297225697463
0.8262139006772347,0.618679343680563,0.,0.0003484767819285084
0.8111611742639362,0.6697071933683084,0.,0.00036037117657611306
0.8647977616510629,0.6213832856918725,0.,0.0003905085690592003
0.8268689104981386,0.6478997046172053,0.,0.00034447207428600635
0.9421107534154857,0.7558799930139097,0.,0.00031807115322574075
0.7408087592769849,0.7098333874155129,0.,0.00018890751133043837
0.8121392941138972,0.6568973594493357,0.,0.000276258414121211
0.7838165634242987,0.6669213605770532,0.,0.00024954145157779495
0.7730243188562824,0.6749687067997915,0.,0.0002461035879012252
0.7653002346382533,0.6426009125665562,0.,0.0003170696944226892
0.7574832406655676,0.6957024404265857,0.,0.00022533485417153276
0.641692834071812,0.6881609597377134,0.,0.00023350515163580998
0.7245490103913375,0.6932964171891349,0.,0.0002632633536233664
0.7415604789148388,0.6508783396127638,0.,0.00036611307618716893
0.7715545506457699,0.6969113483331373,0.,0.0002402085909820051
0.750004351709868,0.6836384926530108,0.,0.00027126802346946755
0.8409920222659937,0.6684320464446114,0.,0.00019827349283679796
0.7076382905553043,0.8471411783661963,0.,0.0002063187982650483
0.7783635251122474,0.6884726076774961,0.,0.0002501688262070423
0.7647052427765386,0.7285875555635617,0.,0.00034063558130692506
0.8322103369760663,0.7424263111287348,0.,0.00034505228251019426
0.6333677848917174,0.7782830034115974,0.,0.00031554789619056556
0.7646235931827517,0.7159938224127411,0.,0.00024198261347374572
0.7304931759151494,0.7287723686682172,0.,0.00025521184050897316
0.6347808512606754,0.7941159333580889,0.,0.00025725257102587884
0.6631058531988163,0.693373839407075,0.,0.00026587973487790517
0.7398742917265674,0.7236094318761637,0.,0.0002215616496459294
0.717105126995847,0.7040171430606126,0.,0.00032641025752466746
0.6988648257611466,0.6899519729433914,0.,0.0002255147434793714
0.7086427666105795,0.6570535198397326,0.,0.0002662262677498306
0.3860286118294889,0.24024223181875917,0.,0.00037739477554979417
0.3718099674494238,0.2891166617390571,0.,0.0002451932685487365
0.21426424793465332,0.347706505775846,0.,0.00028182820526721775
0.2882051122634387,0.15271462656537133,0.,0.0002226297452082686
0.380985800789818,0.2262871973816048,0.,0.0003584361578982953
0.32883308844436726,0.21184528740704658,0.,0.00036910971789634595
0.378733394414017,0.2649083437498963,0.,0.00038448483180923004
0.35120191528391154,0.227418385250613,0.,0.0003543096019980388
0.24412000698489425,0.34211075341515307,0.,0.0003180711532518865
0.2623564725420535,0.10131495877588717,0.,0.00038681694851814413
0.34178820546992006,0.21267854589551782,0.,0.00028763486160991725
0.3311541486880816,0.1837919823153028,0.,0.0002658004880774917
0.30072302895296443,0.15719848695894145,0.,0.00024314915360400258
0.3263499263102988,0.15740654170836135,0.,0.0003115598490362158
0.35255153161115876,0.18652856134721407,0.,0.00022673950336314294
0.34980955232623423,0.16533428165832437,0.,0.00018934322219986074
0.2856043074813444,0.14025996503541546,0.,0.00020384197401821652
0.32266808615230147,0.1727839665774647,0.,0.00026555980128816284
0.30214014506461306,0.12301444810184026,0.,0.00028291422124446935
0.34795358554227485,0.1400257472677943,0.,0.00039007151332639406
0.2995893878038716,0.17227957976307134,0.,0.00027295665226292204
0.3133495231142047,0.14866669780271635,0.,0.0003115598490362158
0.33155988946466813,0.24181932138410162,0.,0.000187830518879592
0.2304138975358619,0.13957691753915463,0.,0.00021983593832114977
0.3085340418071145,0.17912521547594956,0.,0.0002815765689113646
0.26784074571262145,0.165083551081126,0.,0.0003182070727427051
0.19600733707167386,0.11535587228204754,0.,0.00022812733754577763
0.23527498586356282,0.10320221029102347,0.,0.0002857919175662093
0.2798421740198238,0.16515438753190362,0.,0.00026111303495119503
0.27408510855639384,0.1335863746062902,0.,0.00021408023596871523
0.2494197632355132,0.04360513468790392,0.,0.0002503081833695924
0.33346310197442613,0.07432400476817297,0.,0.00030296431232049344
0.2647826169121932,0.1380387495025749,0.,0.00022279395843998948
0.2853943542596105,0.11232321562184888,0.,0.00020028538111258563
0.27054454057638716,0.07287882187838231,0.,0.00015344163876924131
0.3497365817497088,0.09293007976291286,0.,0.00026217204923735526
0.9861614376406636,0.8401551011832753,0.,0.00037279189297223514
0.9717119653505337,0.8890658287168156,0.,0.00024971507454424335
0.8923617094446892,0.7528588216337979,0.,0.0002063187982651038
0.9477065057744457,0.7857357520638786,0.,0.000281828205293988
0.981320656319433,0.8262139006772349,0.,0.0003484767819286194
0.930292806631686,0.8111611742639362,0.,0.00036037117657605755
0.9786167143081249,0.8647977616510643,0.,0.0003905085690592558
0.9521002953827891,0.8268689104981386,0.,0.00034447207428595084
0.8441200069860841,0.9421107534154862,0.,0.00031807115322579627
0.8499455099676771,0.6442739816629715,0.,0.0002600373151790958
0.9431026405506586,0.8121392941138972,0.,0.0002762584141212665
0.933078639422941,0.7838165634242987,0.,0.0002495414515776839
0.9042975595734086,0.7574832406655676,0.,0.00022533485417153276
0.957399087433438,0.7653002346382533,0.,0.0003170696944226892
0.8901666125844813,0.7408087592769849,0.,0.00018890751133049388
0.9250312932002027,0.7730243188562824,0.,0.00024610358790128073
0.9067035828108594,0.7245490103913375,0.,0.0002632633536233664
0.9491216603872306,0.7415604789148388,0.,0.00036611307618722444
0.9030886516668573,0.7715545506457695,0.,0.0002402085909820051
0.9163615073469834,0.750004351709868,0.,0.0002712680234695508
0.9315679535553825,0.8409920222659932,0.,0.00019827349283690898
0.799846748110758,0.9528007692170588,0.,0.00023554297225714116
0.9115273923224985,0.7783635251122472,0.,0.0002501688262071533
0.8721087921659058,0.7644080153903705,0.,0.00031018018777928535
0.8140324224126371,0.7047565225597096,0.,0.0003816898995114837
0.8510355180609417,0.6989109865550385,0.,0.0003655178569683115
0.8840061775872532,0.7646235931827517,0.,0.0002419826134736902
0.8682798248538717,0.7283995958712695,0.,0.0003943772245303956
0.8676154887604639,0.7036968254939997,0.,0.00034534852213391476
0.9247318408795004,0.6818194113859046,0.,0.0003160924951414734
0.8763905681238305,0.7398742917265674,0.,0.00022156164964587388
0.8908409995388276,0.7129505791930663,0.,0.000197384473663742
0.8951350102084771,0.680067610473607,0.,0.00024005950870659154
0.9429464801602616,0.7086427666105795,0.,0.00026622626774980285
0.613838562359335,0.7598448988167201,0.,0.00037279189297209636
0.6416792341244129,0.7043933205500243,0.,0.00029855112828805486
0.6865740439039248,0.7363934071777543,0.,0.000309191047496965
0.6797594348146797,0.7731023575811573,0.,0.00029278075089800293
0.6186793436805632,0.7737860993227598,0.,0.0003484767819285639
0.6586924793065791,0.7938559371995828,0.,0.00020740247741884987
0.6178052326960242,0.7349458904725488,0.,0.00024884672012354114
0.647899704617205,0.7731310895018556,0.,0.00034447207428600635
0.695702440426585,0.8425167593344267,0.,0.0002253348541716993
0.709833387415512,0.8591912407230096,0.,0.00018890751133043837
0.6608060195098067,0.7829732085371721,0.,0.00021378727799453712
0.6669213605770528,0.8161834365756954,0.,0.0002495414515776839
0.6749687067997909,0.8269756811437117,0.,0.00024610358790133624
0.6426009125665559,0.8346997653617408,0.,0.0003170696944227447
0.6741640321169367,0.7573670911808577,0.,0.0002557564411531099
0.6881609597377114,0.9583071659281848,0.,0.00023350515163589325
0.6932964171891338,0.8754509896086566,0.,0.0002632633536234774
0.6508783396127633,0.8584395210851552,0.,0.00036611307618727995
0.6964194365733754,0.8185160329998397,0.,0.0003237965278391486
0.6836384926530101,0.8499956482901261,0.,0.0002712680234693843
0.809315033221415,0.7700334222266974,0.,0.0002565622792184419
0.8142642479361157,0.9477065057744462,0.,0.0002818282052939325
0.6897823283124627,0.8286470527705602,0.,0.00026428574312020725
0.7264161320158262,0.8362216024159365,0.,0.00024566642170131825
0.779956853444528,0.73827759735285,0.,0.0003246610186533605
0.7782830034115974,0.9666322151082768,0.,0.0003155478961905933
0.7159938224127407,0.8353764068172425,0.,0.00024198261347374572
0.7287723686682163,0.8695068240848451,0.,0.00025521184050897316
0.7941159333580889,0.9652191487393189,0.,0.00025725257102598986
0.6933738394070749,0.9368941468011778,0.,0.00026587973487784966
0.723609431876163,0.860125708273427,0.,0.00022156164964581837
0.7040171430606115,0.8828948730041472,0.,0.00032641025752461195
0.6899519729433903,0.9011351742388476,0.,0.0002255147434793714
0.6570535198397317,0.891357233389414,0.,0.00026622626774974734
0.15984489882773578,0.3861614376442881,0.,0.0003727918928158047
0.10480963931979814,0.3580008441688827,0.,0.0003125972474652475
0.14321475677486534,0.2997231086229287,0.,0.000269538050763074
0.19411593335977462,0.3652191487408044,0.,0.0002572525709719567
0.173786099329454,0.3813206563217791,0.,0.00034847678183974606
0.19394028068448335,0.34087323169193057,0.,0.0002179514887755904
0.1349782712840579,0.3822788235160202,0.,0.0002460462882366739
0.17313108950491163,0.3521002953880559,0.,0.0003444720741920468
0.16878552419823556,0.3174791895335708,0.,0.0003418764931745269
0.3558623706962283,0.25027956271105023,0.,0.0002553536986276625
0.18305755202296617,0.33875969149019636,0.,0.00022530857395146667
0.21618343657232234,0.33307863942565025,0.,0.0002495414515633759
0.16640843469285016,0.30315105201492254,0.,0.00023915124561398396
0.2346997653610492,0.35739908743391435,0.,0.0003170696944306134
0.2591912407126041,0.29016661257989207,0.,0.00018890751133571193
0.2269756811391258,0.3250312932018866,0.,0.0002461035879080947
0.2754509896013515,0.306703582803271,0.,0.0002632633536283416
0.25843952108465895,0.3491216603864239,0.,0.00036611307621724903
0.21658023137781113,0.30503706955253135,0.,0.00035267939435680573
0.249995648284864,0.3163615073448096,0.,0.0002712680235004081
0.17409663102908185,0.15170080750329232,0.,0.0002642818674449283
0.24714117835601837,0.29236170944229606,0.,0.00020631879827084226
0.2286470527633352,0.31021767168870934,0.,0.0002642857431275347
0.2410726870231367,0.28042449438855954,0.,0.00021662241384880557
0.21403829017132142,0.19198094309515085,0.,0.00030238475639120244
0.32357201201322666,0.19774060451081887,0.,0.0002896207655025719
0.23078346063971067,0.2790887688819571,0.,0.00022543657181436916
0.265334594671276,0.2794982108432662,0.,0.00018520880744756635
0.29654915157789313,0.2676239577979465,0.,0.00035181770853354166
0.31817339838515984,0.3247361359277894,0.,0.00031595911524417986
0.26127973196058424,0.27043589178494515,0.,0.0001920687091648901
0.28704727978352595,0.2908407699324252,0.,0.00019736393052637718
0.3197875061569655,0.2951734494159196,0.,0.0002402829926702113
0.29135723339211905,0.34294648015222373,0.,0.0002662262678803026
0.7598448988167192,0.986161437640663,0.,0.0003727918929721241
0.7043933205500232,0.9583207658755828,0.,0.0002985511282880826
0.7363934071777543,0.9134259560960692,0.,0.00030919104749688175
0.8425167593344267,0.9042975595734092,0.,0.00022533485417153276
0.7737860993227594,0.981320656319433,0.,0.00034847678192867493
0.7938559371995828,0.9413075206934152,0.,0.00020740247741879436
0.7349458904725475,0.9821947673039735,0.,0.0002488467201237077
0.7731310895018556,0.9521002953827893,0.,0.0003444720742858953
0.7731023575811573,0.9202405651853145,0.,0.0002927807508978919
0.9557260183370226,0.8499455099676771,0.,0.0002600373151792068
0.7829732085371721,0.9391939804901877,0.,0.00021378727799470365
0.8161834365756954,0.9330786394229414,0.,0.00024954145157779495
0.7573670911808575,0.9258359678830576,0.,0.0002557564411531654
0.8346997653617408,0.9573990874334384,0.,0.00031706969442263366
0.8591912407230093,0.8901666125844822,0.,0.00018890751133043837
0.8269756811437117,0.9250312932002034,0.,0.00024610358790128073
0.8754509896086566,0.9067035828108604,0.,0.00026326335362325537
0.8584395210851552,0.949121660387231,0.,0.00036611307618722444
0.8185160329998397,0.903580563426619,0.,0.0003237965278392596
0.8499956482901261,0.9163615073469842,0.,0.0002712680234695508
0.7846298411218348,0.8604601346929984,0.,0.0001907260288933066
0.8471411783661963,0.8923617094446898,0.,0.00020631879826521482
0.8286470527705602,0.9102176716875316,0.,0.00026428574312015174
0.8363196719864561,0.8714872631291846,0.,0.0003433318837715582
0.895243477440286,0.814032422412638,0.,0.0003816898995114837
0.9010890134449548,0.8510355180609418,0.,0.00036551785696842254
0.8353764068172425,0.8840061775872536,0.,0.00024198261347374572
0.8716004041287247,0.8682798248538728,0.,0.0003943772245303956
0.8963031745059944,0.8676154887604649,0.,0.00034534852213385925
0.9181805886140895,0.9247318408795016,0.,0.00031609249514152893
0.860125708273427,0.8763905681238313,0.,0.00022156164964570735
0.8870494208069282,0.8908409995388287,0.,0.0001973844736636865
0.919932389526388,0.8951350102084776,0.,0.00024005950870670256
0.891357233389414,0.9429464801602627,0.,0.00026622626774985836
0.2958384597607244,0.0399957582682464,0.,0.00024890293126722356
0.26139713692504196,0.0675222155302094,0.,0.0002846888421346519
0.04008003247121647,0.1042009717400523,0.,0.0002503821122342787
0.0681243215383584,0.1389856634780654,0.,0.0002891192195001698
0.1595016741099068,0.3504540253021925,0.,0.000365502415577125
0.13578538288648398,0.3582267676583687,0.,0.0002208680617316397
0.0990919600965724,0.263617638923192,0.,0.0001943412107074105
0.07918908409749573,0.27686045055519914,0.,0.00016723500674353624
0.07184851730985992,0.28931993904286035,0.,0.0002686544965210501
0.05912958041540467,0.2686073860962773,0.,0.0002762366980740786
0.07560901666567674,0.31495152023450484,0.,0.0002580200257184962
0.051264800638651145,0.3189758234857965,0.,0.00036932244342381335
0.13537181870251608,0.1033555982344423,0.,0.0002091813462964734
0.12101769284127363,0.08372957917537589,0.,0.0001683462606362979
0.10742399265466618,0.07664737658125836,0.,0.00028738164407157967
0.12916176479063898,0.061716333674228165,0.,0.00030913009928092757
0.08335569716652796,0.0780457866849093,0.,0.0002267725200032697
0.07871880720437925,0.053357246025119154,0.,0.0003761504289351747
0.8969020949842887,0.6407024143543878,0.,0.00024974973876795703
0.861927045514285,0.6691374604435443,0.,0.0003174274116183873
0.6495097538305683,0.760112280452749,0.,0.00033434484831815214
0.6416722567273461,0.7360681741100868,0.,0.00023912206226922583
0.7350706899614776,0.6982184928953532,0.,0.00019358451367423868
0.7224592565223844,0.6778323627002578,0.,0.0001692253329267368
0.7106079350089268,0.6702713784307752,0.,0.0002587332830462641
0.7312378930089767,0.6584983074026789,0.,0.00026453482558932984
0.6853970203561268,0.6742006727073035,0.,0.00024112158177519438
0.6813254524172228,0.6507276263446219,0.,0.0003601195909094801
0.3593767239234045,0.2969396013094456,0.,0.00024835978712751255
0.33133947760005317,0.2623010197887057,0.,0.0003162250237244979
0.29751549487100126,0.13402292018156786,0.,0.0002082465258236854
0.3176362101919913,0.12027424933258038,0.,0.00017015721857015914
0.32499107183249054,0.10726102543521789,0.,0.00027836986916805057
0.3389368675976492,0.12899355822907976,0.,0.00029996806123352635
0.32277507455140586,0.08343361507542946,0.,0.00021606777241145111
0.34722922893038344,0.07897959740908742,0.,0.0003644997395108353
0.9592975856456079,0.8969020949842896,0.,0.00024974973876812356
0.9308625395564494,0.861927045514285,0.,0.0003174274116183873
0.9017815071046411,0.7350706899614776,0.,0.00019358451367423868
0.9221676372997365,0.7224592565223844,0.,0.0001692253329267368
0.9297286215692191,0.7106079350089268,0.,0.0002587332830463196
0.9415016925973153,0.7312378930089767,0.,0.0002645348255895241
0.8895810613653581,0.6991785469264231,0.,0.00018546395614316147
0.9492723736553745,0.6813254524172209,0.,0.0003601195909095356
0.7601122804527489,0.950490246169426,0.,0.0003343448483182354
0.7360681741100867,0.9583277432726481,0.,0.00023912206226917032
0.6982184928953523,0.8649293100385167,0.,0.0001935845136742942
0.6778323627002566,0.8775407434776096,0.,0.0001692253329267368
0.670271378430774,0.8893920649910669,0.,0.0002587332830462641
0.6584983074026783,0.8687621069910172,0.,0.0002645348255893576
0.6742006727073028,0.9146029796438668,0.,0.00024112158177519438
0.6507276263446197,0.9186745475827724,0.,0.0003601195909095911
0.26492931003024167,0.30178150709916396,0.,0.0001935845136784506
0.27754074347335134,0.32216763729127473,0.,0.00016922533291423986
0.28939206499055015,0.3297286215594239,0.,0.0002587332831068198
0.2687621069900074,0.3415016925934074,0.,0.000264534825663576
0.3007284229868593,0.2896277627851717,0.,0.00018241598244977258
0.31867454758458236,0.3492723736520579,0.,0.0003601195909678778
0.8649293100385167,0.901781507104642,0.,0.0001935845136744052
0.8775407434776096,0.9221676372997376,0.,0.0001692253329267368
0.8893920649910669,0.9297286215692202,0.,0.0002587332830462641
0.8687621069910172,0.9415016925973161,0.,0.0002645348255894131
0.9008214530735716,0.8895810613653593,0.,0.00018546395614316147
0.9186745475827744,0.949272373655377,0.,0.0003601195909096466
0.31009409053543724,0.04189280159563942,0.,0.00028124976891132775
0.27147431581991854,0.04547486958435146,0.,0.00022232427731130183
0.3305585181635636,0.05867229784813869,0.,0.00029137394187549095
0.30086003154865815,0.09095538056647176,0.,0.00017518294235448553
0.26063749670848735,0.05250568235000478,0.,0.0002167793220183992
0.2503396275352686,0.026144477987748094,0.,0.0003185860833193107
0.29116725798758925,0.07026704772759548,0.,0.00026627128247820597
0.23900878845486112,0.05231194691474246,0.,0.0003302750547754616
0.27466211886268604,0.11987393735804819,0.,0.00019067056750157393
0.24988355340578905,0.07760715253156147,0.,0.00033322699140605344
0.04187371817107649,0.08989262131051881,0.,0.00028029810017078053
0.045886944175592914,0.1287905673416886,0.,0.00022673558180979657
0.05826432694783632,0.06935369969225541,0.,0.00027668896097165314
0.09248394953348334,0.11133393835053702,0.,0.00014686402035730007
0.05297637954078417,0.13971703588140152,0.,0.00021984357025546693
0.026129790508154442,0.14986609549042118,0.,0.0003198052706636866
0.05451252833390173,0.11895372676486268,0.,0.00020952249069385205
0.0519247443689539,0.16155393705457705,0.,0.00033775817548862934
0.1136290675058962,0.1455430190581497,0.,0.0001765208506747211
0.07889954408771589,0.14931649572008662,0.,0.0003009295170423344
0.06848381729547953,0.3407739093244444,0.,0.0002812209455987785
0.10881544363239418,0.3444514810634828,0.,0.0002979754652339267
0.06498866629424233,0.32404869081747334,0.,0.0003525915842460311
0.07796436616542911,0.30017274893253376,0.,0.00025493497544777123
0.11880923594789153,0.3404818696115367,0.,0.00016036736115125627
0.13124770014468992,0.34679497567868545,0.,0.00019473778616036289
0.05066680911435693,0.2809759794306621,0.,0.00028142488495768933
0.048142323142402965,0.3047457833820373,0.,0.0002464157527115145
0.09799655401201275,0.03651288129691126,0.,0.00027669982937372946
0.11711771217431921,0.05398485078566023,0.,0.0003258687321385581
0.9111754375258967,0.6426321578379387,0.,0.0002805629768411477
0.8723393138318053,0.6462044432014389,0.,0.00022590948542872136
0.9324082968537436,0.6582711788568794,0.,0.00022785855283830037
0.9220240962036634,0.6972631907983727,0.,0.000369560413938097
0.8611969149640184,0.6533260963115503,0.,0.000227330878888099
0.8512758613940147,0.626592298112141,0.,0.0003242953515561475
0.882436569978257,0.6721749457246269,0.,0.00019629827931083588
0.8389531795466112,0.6527480937358576,0.,0.0003436763804424703
0.8759302316142016,0.7176276558765997,0.,0.00028303733816781307
0.8527144832373265,0.6757692985037191,0.,0.00018409087532050838
0.6592658314696941,0.6685209443363045,0.,0.00028344173437280795
0.6549227197976346,0.7081830320588317,0.,0.0002862825483300191
0.6762923256302174,0.6644886192482229,0.,0.0003694828623709845
0.699846147155782,0.6759791761930887,0.,0.00023523032779373954
0.6589144581150052,0.7181554032147084,0.,0.00016330667156866374
0.6528710085966214,0.7314205665806734,0.,0.00021771501998735232
0.7191692018988004,0.6499036923374742,0.,0.00025780224080781955
0.6957841711561673,0.6473422768312787,0.,0.00023852394917614483
0.3573489783409641,0.3111621108288135,0.,0.0002815080081795124
0.35418651971214965,0.272592164557759,0.,0.00022178726886695754
0.34172808120746456,0.33240760557854343,0.,0.0002278999019256489
0.3027303589065322,0.32202908252377815,0.,0.00036922495792934135
0.34711936256763565,0.2615352726767897,0.,0.00022440340843707385
0.3733915561825725,0.25147357412833005,0.,0.0003229668152911966
0.33933680508138486,0.28892898933744987,0.,0.00019864835591448804
0.34686110774929074,0.2395090879693225,0.,0.0003356882084798035
0.27851654738261733,0.28039237948959167,0.,0.00017265888399985857
0.32478126744402314,0.25335554323774534,0.,0.00017349530402781949
0.36399538414590826,0.09803747011641073,0.,0.00026011539459075417
0.34703123813268866,0.11704626426386662,0.,0.0003105622237731774
0.957367842162058,0.9111754375258985,0.,0.00028056297684131426
0.953795556798555,0.8723393138318053,0.,0.00022590948542872136
0.9417288211431171,0.9324082968537457,0.,0.0002278585528384114
0.9027368092016212,0.9220240962036647,0.,0.000369560413938097
0.9466739036884437,0.8611969149640184,0.,0.0002273308788881545
0.973407701887855,0.8512758613940152,0.,0.00032429535155625855
0.9278250542753679,0.8824365699782574,0.,0.00019629827931078037
0.9472519062641365,0.8389531795466112,0.,0.00034367638044230375
0.8823723441233945,0.8759302316142029,0.,0.00028303733816781307
0.9242307014962745,0.852714483237326,0.,0.00018409087532050838
0.95009630766252,0.7191692018988004,0.,0.0002578022408077363
0.9526577231687168,0.6957841711561664,0.,0.0002385239491761726
0.6685209443363025,0.9407341685303021,0.,0.00028344173437294673
0.7081830320588316,0.9450772802023596,0.,0.0002862825483300191
0.6644886192482214,0.9237076743697773,0.,0.00036948286237104
0.6759791761930876,0.9001538528442118,0.,0.0002352303277937673
0.7181554032147083,0.9410855418849893,0.,0.00016330667156877476
0.7314205665806732,0.9471289914033729,0.,0.0002177150199872968
0.6499036923374737,0.8808307981011936,0.,0.0002578022408077363
0.6473422768312773,0.9042158288438271,0.,0.0002385239491761726
0.28083079810209133,0.3500963076578013,0.,0.00025780224095017096
0.30421582884704584,0.35265772316378,0.,0.00023852394922582731
0.8808307981011936,0.9500963076625207,0.,0.0002578022408077918
0.9042158288438278,0.9526577231687183,0.,0.00023852394917611708
0.31962129594114075,0.0971359305664264,0.,0.00021599788720782533
0.31622459403027003,0.05556140803587291,0.,0.00027373291753788297
0.2724469292040916,0.08923846683091852,0.,0.00024747068129190274
0.305779527170288,0.0682484050415495,0.,0.0003426706292830959
0.2496118372256108,0.12178532019065136,0.,0.00019972674028129883
0.24894050039509613,0.09504025082470305,0.,0.0003010126233840265
0.09777737668426323,0.08183149619330937,0.,0.0001971335617460858
0.05513435381985621,0.08367433555109845,0.,0.0002604985574917928
0.10156919942739273,0.12889518463376592,0.,0.00015923819874789392
0.07248912707449097,0.09853399400874269,0.,0.00028121682911519136
0.15670764265713988,0.17704971372345374,0.,0.0003827550572091387
0.10330416907874981,0.1684998948371199,0.,0.0003436112336374104
0.10356025651366521,0.29455349008462217,0.,0.0003330659832884754
0.09053629849727851,0.3233738420523553,0.,0.00032175423005723763
0.11508342933804794,0.3154191217575468,0.,0.00024143509893459827
0.13175240005887393,0.32376205670993297,0.,0.00020041721298968973
0.1485001715329619,0.37706981109276605,0.,0.0002511735061565823
0.1274206764343684,0.3696538385887702,0.,0.0002457855850720031
0.1527464723177297,0.33683309258060096,0.,0.00033513909378534226
0.1482853766075668,0.36259024657434386,0.,0.0002299935606622748
0.9096482420686882,0.6987008090885063,0.,0.00019404168874675998
0.9181078370893815,0.6550535051124774,0.,0.00024101170497431434
0.8528758762051784,0.728768525844048,0.,0.00023621511560201203
0.7972559433996955,0.6746369310534132,0.,0.0002813578229727831
0.7049992901975817,0.7011201419685493,0.,0.0002908726242638604
0.6763675454352575,0.6894490358381803,0.,0.00031548850451132426
0.6732585854476716,0.7290100415851914,0.,0.000175259881076556
0.7109151987355645,0.732646245498658,0.,0.00022989835944353665
0.623014245116292,0.7484677907295968,0.,0.0002542467964563311
0.6302814066728956,0.7270928613018031,0.,0.00024558004516819776
0.6629991791806502,0.7532235282490849,0.,0.00032796640448862213
0.6374575887618326,0.7488636021552999,0.,0.00022515691537849936
0.301290599598469,0.3096529987913999,0.,0.00019401391445148658
0.3449268911307719,0.3180938191170951,0.,0.0002414163178232967
0.276552205524233,0.25603007140835543,0.,0.00019606984703017527
0.3015420634548226,0.2517156620576198,0.,0.00034402650489968184
0.9012991909114879,0.9096482420686894,0.,0.00019404168874675998
0.944946494887518,0.9181078370893827,0.,0.00024101170497442537
0.8712314741559466,0.8528758762051796,0.,0.00023621511560206754
0.9253630689465813,0.7972559433996953,0.,0.0002813578229727831
0.7011201419685482,0.8950007098024129,0.,0.0002908726242638604
0.6894490358381797,0.9236324545647367,0.,0.0003154885045112965
0.7290100415851912,0.926741414552323,0.,0.00017525988107658375
0.7326462454986573,0.8890848012644296,0.,0.00022989835944353665
0.748467790729596,0.976985754883704,0.,0.00025424679645635884
0.7270928613018022,0.9697185933271003,0.,0.000245580045168281
0.7532235282490849,0.9370008208193441,0.,0.0003279664044885666
0.7488636021552999,0.9625424112381618,0.,0.00022515691537855487
0.30681854274627496,0.10044243215217932,0.,0.0001751829423544838
0.3094254238805612,0.08046890516107176,0.,0.00022759257042897184
0.29669225351024653,0.11330772579023068,0.,0.0002846564265721833
0.2890884387884448,0.09688308218798347,0.,0.00017160502590985068
0.2839254813068656,0.06240994419238503,0.,0.0002694559471942224
0.2830415619376491,0.08841524946862944,0.,0.0002632158698573396
0.2522056970894307,0.13179795779507614,0.,0.0001997267402812971
0.2627657673546655,0.11431367464990805,0.,0.00021534692400495062
0.24784389958198566,0.1536521532199381,0.,0.0002462892965910818
0.18198342291114003,0.1993499150019971,0.,0.0002685313716559862
0.23553702788146547,0.1169485637829509,0.,0.00024944918763305547
0.21321355520381893,0.09707947874812946,0.,0.00022570888365167595
0.21440374494027564,0.12159726226378353,0.,0.00021832916273242103
0.22768939771678345,0.07933237481976126,0.,0.0002164201638701884
0.20666417855015573,0.14688192082765622,0.,0.00026294367286522347
0.18403288052938183,0.1116197868625333,0.,0.0003830619356075971
0.19989418703033718,0.07530933034303224,0.,0.00032578711284633657
0.20869540985268836,0.10943347503426559,0.,0.0002051131338185845
0.22519449818245688,0.09380405523944775,0.,0.0002535427974217474
0.20192149953892452,0.08804134877689768,0.,0.0002354739844922949
0.10177489369409995,0.094612932083817,0.,0.0001718450968782887
0.08109994247105097,0.09078929552107237,0.,0.00025125573372749123
0.07874058699881667,0.12941218609796476,0.,0.0002503516386570784
0.0924246141184322,0.10000762757598658,0.,0.0001718450968782887
0.11462858912209106,0.10477087580839435,0.,0.00028395318574562893
0.10114922146466282,0.1172425757319981,0.,0.00014825997365983112
0.0623762181340346,0.09575406485336409,0.,0.00022213292967456508
0.08033737987414905,0.11295034082672978,0.,0.0001595285769790157
0.11246063813664431,0.13452565972978042,0.,0.00017461331686708173
0.10261684777381376,0.15236381148448416,0.,0.00017992787882008254
0.12135860133913123,0.1269026985411124,0.,0.00019552052270936301
0.13333344756699606,0.14774001058137826,0.,0.00017480496107978236
0.14920294178723625,0.16209615469572064,0.,0.0003923572106479759
0.07192391905135785,0.16067347627399964,0.,0.0003257917722822405
0.11005741344612002,0.2208111640028641,0.,0.00021503497932089458
0.07455671503052444,0.19943816930617703,0.,0.0003653761519006801
0.11844936904238121,0.30169679838795804,0.,0.0002093761506256897
0.10044243929313153,0.315892433882193,0.,0.0002403666243029727
0.12107226313268185,0.27696572380781875,0.,0.0001759525328829288
0.13153599726699788,0.2937204394744126,0.,0.000296831918835172
0.17143392339842933,0.28093618287554145,0.,0.0002506586220769706
0.14110853380219707,0.31391800365669287,0.,0.00022922335384186615
0.15508184080041493,0.2942772997399672,0.,0.00018586200837790792
0.15535270733313206,0.3228003322923796,0.,0.0003637898673091895
0.1589898101902299,0.2803139066191679,0.,0.00024040571001488972
0.20194560084917837,0.3161761390324634,0.,0.00027001183639949883
0.15064891713201564,0.26848787836792953,0.,0.0003193728640547358
0.17675452786292678,0.29620831931130914,0.,0.00022604843789396714
0.15272106166162705,0.23046726080263258,0.,0.00025923167778787656
0.178306048169679,0.2566125242529289,0.,0.00026028204506531663
0.18873976921110874,0.29942204867175,0.,0.00023514457499418384
0.20322017766789896,0.3294040873924049,0.,0.00021130434225593783
0.1971286981656648,0.28426804954971086,0.,0.00033836226040007134
0.21868516639018712,0.29076142558039647,0.,0.0003394268796646574
0.1812629454976762,0.32438940443108,0.,0.00018583908641106942
0.19087109734047275,0.3132749962728726,0.,0.00021884054084574112
0.1209119438574642,0.3248518248572285,0.,0.0002598404927710886
0.13699249207359565,0.33753752187306896,0.,0.00019473778616036636
0.9018887129453669,0.7141353071680134,0.,0.00030815526405064686
0.8767723748042295,0.6949346136573196,0.,0.0002240795818064245
0.8732453759959254,0.6783245281144952,0.,0.00030071414627008686
0.8987525027872738,0.6904611261325788,0.,0.0002088511867572862
0.9364406219418244,0.6752976730174034,0.,0.00033581987319242224
0.9130298934584179,0.6677700165971245,0.,0.0002655348907609212
0.8515080933478371,0.756493787862117,0.,0.0002741874059746241
0.8758424412640193,0.7930967829269769,0.,0.00019685649471468114
0.8420431786125759,0.7198436034863627,0.,0.00022627722134843653
0.8170146646230396,0.7212071182642614,0.,0.00023430836403803834
0.671994447250156,0.7180870429741264,0.,0.00017525988107652823
0.6621457659811898,0.7373272424222226,0.,0.00020376411360420454
0.6842431847473627,0.6979663393398471,0.,0.0002526999234876426
0.6987468187452459,0.7285037555767726,0.,0.000362772663729638
0.7163877388073674,0.7474360547912192,0.,0.00026195873390860713
0.6866260773737296,0.748854170946558,0.,0.0002557226627888931
0.6954470191318959,0.7140824708939386,0.,0.00020867589477346904
0.682010106093059,0.7110491238838552,0.,0.00020829725978130376
0.28586255181048703,0.3018884833390419,0.,0.0003080681432805002
0.3051226565423889,0.2769655044852454,0.,0.00021833078479304574
0.32190902279774514,0.2735299412852762,0.,0.00030093036079357344
0.30943939348933897,0.29880419053735074,0.,0.00020631038874419083
0.32470158704874685,0.3364399306633048,0.,0.0003358449154768836
0.3322039293510387,0.31302086181293987,0.,0.0002655540525190528
0.26738970457470357,0.2575223061845867,0.,0.00019606984703017527
0.283624185621455,0.26983782565503933,0.,0.000195973663294019
0.1926746798647277,0.271731980718519,0.,0.00021018259140700643
0.2996238450883953,0.20580141769451035,0.,0.0003240718277668017
0.2871081709866392,0.2446645397021448,0.,0.0003049126877446712
0.2867180695645697,0.20253774485417636,0.,0.0002399241448966874
0.8858646928319809,0.9018887129453679,0.,0.00030815526405070237
0.905065386342675,0.8767723748042303,0.,0.0002240795818063135
0.9216754718854991,0.8732453759959258,0.,0.00030071414627008686
0.9095388738674158,0.898752502787275,0.,0.00020885118675739722
0.9247023269825914,0.9364406219418259,0.,0.00033581987319242224
0.9322299834028699,0.9130298934584185,0.,0.00026553489076086567
0.83025884517631,0.8477834442418822,0.,0.00022195340797720453
0.7553326556553304,0.8021167108383533,0.,0.00029241521468947873
0.8801563965136316,0.8420431786125777,0.,0.0002262772213483255
0.8787928817357347,0.8170146646230405,0.,0.00023430836403826039
0.7180870429741262,0.9280055527498383,0.,0.00017525988107647272
0.7373272424222224,0.9378542340188045,0.,0.00020376411360412128
0.6979663393398463,0.9157568152526318,0.,0.0002526999234875871
0.7285037555767724,0.901253181254748,0.,0.000362772663729638
0.7474360547912171,0.8836122611926266,0.,0.0002619587339085516
0.748854170946558,0.9133739226262643,0.,0.0002557226627889486
0.7140824708939381,0.9045529808680988,0.,0.00020867589477346904
0.7110491238838549,0.9179898939069355,0.,0.0002082972597813315
0.24244528945385416,0.14180238166496345,0.,0.00021983593832114803
0.22609949582729305,0.1247357372615669,0.,0.00024944918763305547
0.25713175228745644,0.18103712423692514,0.,0.00036356831956008834
0.17896514644567418,0.27161384340479044,0.,0.000257357785311
0.2618732467791963,0.15204077477930864,0.,0.00025372793699074067
0.2640728123428174,0.19313348265014368,0.,0.0003222536495661836
0.241510241427831,0.18010983736515218,0.,0.000378356280632295
0.15892172531828033,0.15073718594365879,0.,0.0002473489237743362
0.22546810341552703,0.2188435712726216,0.,0.00025890581053489986
0.22377266886641695,0.16283671158185012,0.,0.00026558370495135056
0.23818988765578544,0.16576764264998248,0.,0.0003008952418824609
0.19828652718992382,0.15897095581780302,0.,0.00022788678667038688
0.2299408769216435,0.19228980476267413,0.,0.00027261547513814793
0.21031279497167987,0.168766433670141,0.,0.00029508475426928346
0.18317216818252582,0.1615089754856016,0.,0.0002997044017373201
0.19206678436929708,0.13206513521508073,0.,0.0002433653330371332
0.23386504381644718,0.2077699785261567,0.,0.0003197757275069969
0.16846085690019785,0.24886897028413035,0.,0.0002946638390387765
0.20529674328019223,0.1817330963790733,0.,0.0003833019632640197
0.12715067875663089,0.1638575719937943,0.,0.0001525284381672723
0.24927433865591714,0.2140061833805063,0.,0.0003854247519291913
0.20612992546814238,0.20574223104255895,0.,0.0002609021715801012
0.2577996666392087,0.22916784463023543,0.,0.00030868137859930284
0.22752996583886737,0.253472209617214,0.,0.00022157498902325434
0.19377153083061494,0.20891674333364357,0.,0.00020710052691464906
0.18560027065753829,0.18592755599483493,0.,0.0003515200502766623
0.175858504969292,0.22317813407907638,0.,0.00029805671738858397
0.11462464140827046,0.1795012224544979,0.,0.00033412437701523315
0.18907922908537061,0.2240868323867527,0.,0.0002888405456911436
0.1707317245274457,0.20635081224807966,0.,0.0002524271677905379
0.19865648304430963,0.23622051106928899,0.,0.00038778844226325035
0.1544537259433276,0.2537984801304908,0.,0.00027676443753047245
0.14926886660397398,0.18899165489402683,0.,0.000310603189310657
0.17550196334162796,0.17549891295370118,0.,0.00036103068228400537
0.09404266406143927,0.17638909265438343,0.,0.00024598290921044094
0.09746207085280648,0.193762096647424,0.,0.00023838437488347963
0.13961796287746514,0.2710818753505273,0.,0.0001756340166916559
0.13225933943238644,0.28209374821112565,0.,0.00019934795248366735
0.8822606383644036,0.6558662249435647,0.,0.00022791632901925096
0.9015627988032296,0.6686657325478397,0.,0.0002474838676560509
0.8458064332602833,0.7450282332704635,0.,0.0003450522825102498
0.8298015874866703,0.7263063644836036,0.,0.00019293498457700897
0.8575736888712605,0.8322103369760666,0.,0.00034505228251019426
0.739394717118338,0.7544606036162121,0.,0.00029023521351617676
0.8058246958552886,0.7323687934087504,0.,0.00035493031709837863
0.8394552442631529,0.7079717572889602,0.,0.0002817067840630294
0.7772193579970434,0.7101829239702898,0.,0.00021186469272643782
0.8001866077911883,0.7004172574724589,0.,0.00030782586448574456
0.8473008688943198,0.6872254822166891,0.,0.00018415566130158822
0.8355784079229871,0.6798882301575813,0.,0.0002165507080263418
0.8240892237533011,0.6815858997886199,0.,0.00030394661673571743
0.8242314109268448,0.6979839225816495,0.,0.00025822880929093905
0.7197212359204797,0.7211219619078874,0.,0.0002072362218134005
0.7292486387012895,0.7449740902593727,0.,0.00026195873390866264
0.7527709662827978,0.7486575183156692,0.,0.00026779279240718434
0.7106950805449339,0.8206209680147524,0.,0.00025774940861378326
0.7110661072855599,0.7592655735089211,0.,0.0002525735473468127
0.6701616236062222,0.8031358341853114,0.,0.0002080707104067936
0.692789645348497,0.7723636902131187,0.,0.000255352289069255
0.7068009626477091,0.7827270137298835,0.,0.00034226573131374005
0.3312614093285083,0.30154098028959814,0.,0.0002480073711511044
0.32786290190984213,0.28256145846377134,0.,0.0001956422066794125
0.2538780741572371,0.24965147639685026,0.,0.0003093591648631322
0.27531665618639406,0.22661115529436032,0.,0.0002634897622455154
0.3133796586008134,0.24847726384142158,0.,0.00017799805849478406
0.3201582806214584,0.23694104198777782,0.,0.00020137387418911468
0.31771033575133933,0.22536810418752373,0.,0.00030128572393847697
0.3033884534064496,0.2214544728023984,0.,0.00026633424333098385
0.28853626208002053,0.23160069610689818,0.,0.0003908507494101293
0.2772630719889975,0.2132012591495266,0.,0.00021054060175532477
0.26184711186176723,0.20643832878309157,0.,0.0003222536495661836
0.280898423982206,0.19054154729834188,0.,0.00021683058544977665
0.2859587922340474,0.17851602533590089,0.,0.00023452923695556696
0.3086846510021444,0.19561036618340794,0.,0.00028657709908300535
0.9441337750564296,0.8822606383644036,0.,0.00022791632901925096
0.9313342674521549,0.9015627988032302,0.,0.0002474838676560509
0.8549717667295311,0.8458064332602835,0.,0.00034505228251013875
0.8736936355163913,0.8298015874866715,0.,0.00019293498457695346
0.8060201739619761,0.88242658496148,0.,0.00031639926776433347
0.8245101611049123,0.8246989979218327,0.,0.00029525962818177653
0.8599710959638058,0.8099484124279919,0.,0.0002143627533949255
0.892028242711033,0.8394552442631538,0.,0.0002817067840630294
0.8898170760297047,0.7772193579970432,0.,0.0002118646927263823
0.8995827425275371,0.8001866077911881,0.,0.00030782586448574456
0.9127745177833038,0.8473008688943187,0.,0.00018415566130158822
0.9201117698424119,0.8355784079229861,0.,0.0002165507080262863
0.9184141002113738,0.8240892237533003,0.,0.00030394661673577295
0.902016077418344,0.8242314109268449,0.,0.00025822880929093905
0.7211219619078861,0.8802787640795149,0.,0.00020723622181345602
0.7449740902593703,0.870751361298705,0.,0.00026195873390860713
0.748804186100213,0.833060230018365,0.,0.0002430039130397743
0.8206209680147524,0.8893049194550603,0.,0.00025774940861378326
0.7592655735089193,0.8889338927144337,0.,0.0002525735473468682
0.8031358341853114,0.929838376393772,0.,0.00020807071040673808
0.7723636902131186,0.9072103546514967,0.,0.000255352289069366
0.7827270137298826,0.8931990373522819,0.,0.00034226573131379556
0.15382700568875232,0.13739616094798784,0.,0.00022496923152153306
0.17977469683368533,0.13917733446697383,0.,0.00023339809349914864
0.15768912982122832,0.20254536232971243,0.,0.0002802658672310318
0.12520649843117893,0.17499790304058116,0.,0.0003099429101786448
0.21085443113895588,0.232432876430168,0.,0.00018909656012144893
0.22131061623446407,0.24138796421849276,0.,0.0001941498395676665
0.19386014071526994,0.250914203195487,0.,0.0003078157006656569
0.20179064863005697,0.2590129992438912,0.,0.00016428417510379323
0.7769841430833231,0.8088450931140849,0.,0.00020724692640772258
0.7175734150385115,0.8060201739619768,0.,0.00031639926776416694
0.6753190591368121,0.7833475011334651,0.,0.00017472980499688706
0.6802487968219166,0.7972527319977059,0.,0.000233967946315361
0.6972780575928229,0.758851143504014,0.,0.00022872989312733294
0.7188508748630904,0.7738919050211637,0.,0.0003162031227292861
0.7420518204877449,0.7701886713545331,0.,0.0003005364780008235
0.7338007128493947,0.7793837553613768,0.,0.0003475837496618728
0.6910245912450963,0.8028014541439263,0.,0.00027387816556262434
0.7063416663943152,0.7950096345576286,0.,0.00033839693949028193
0.7833475011334651,0.9246809408631821,0.,0.00017472980499694257
0.7972527319977059,0.9197512031780775,0.,0.000233967946315361
0.7588511435040141,0.9027219424071703,0.,0.00022872989312727743
0.773891905021161,0.8811491251369008,0.,0.0003162031227292861
0.7455375226492773,0.8461259288905811,0.,0.00024300391303988533
0.7983194204398828,0.8570635859180129,0.,0.00038897087577399736
0.8028014541439263,0.9089754087548979,0.,0.00027387816556262434
0.7950096345576277,0.8936583336056764,0.,0.0003383969394902264
0.1228765423275849,0.1514006890123949,0.,0.00017671824036949273
0.13760758399604206,0.16019689356277764,0.,0.00015252843816726883
0.14785648615868738,0.21712082522091353,0.,0.00037479914306575053
0.11662716293174132,0.20721425805208707,0.,0.0002854060483240099
0.1354501033585081,0.1894613145446245,0.,0.0001954951937084455
0.13062899053337496,0.20354345293315382,0.,0.00024970321947876545
0.21363557181754428,0.21712468545654712,0.,0.00023576713648293043
0.23002940826875087,0.23356401885798328,0.,0.0001941498395676665
0.2469516766529626,0.23765208736124743,0.,0.0003822081383264009
0.2490678866690306,0.26916707846783444,0.,0.00019296924946281963
0.21264668096278072,0.26345809457494257,0.,0.00015675888074884875
0.20919061737098224,0.28114502435574845,0.,0.00028330328072080635
0.7520060036771673,0.7340080681667762,0.,0.00026005346185276057
0.7573577116175159,0.7760133442252558,0.,0.0002526749959070873
0.7924357414942059,0.7288531520564276,0.,0.0003549303170982676
0.7648894351022386,0.7552971158055428,0.,0.00023623418520962725
0.762769534302136,0.7884621953688528,0.,0.0002263485263208076
0.7416697253323601,0.7988629437016004,0.,0.00037844988598167983
0.8098179882923812,0.7456283797166462,0.,0.00023481753030940578
0.7668190770675498,0.7669248739768088,0.,0.00024261894554306052
0.8014855178545358,0.7604816381760429,0.,0.0003094377464619713
0.7744861849963351,0.8501790770355547,0.,0.0002295521289855662
0.7849279661001252,0.7870409837873817,0.,0.00030505190265966986
0.7639071454920555,0.8137631518573528,0.,0.00026512046768062403
0.8267996316858969,0.7777649702743323,0.,0.00020490102047659997
0.801813961662359,0.8094050145364232,0.,0.00029972512598941403
0.7615679365132284,0.8279004530801268,0.,0.000293893289989855
0.7328950584689016,0.8101199266085791,0.,0.0003851694312868581
0.7757590410840953,0.7944346597597189,0.,0.00024307117581262583
0.8150937281364975,0.8119113990799477,0.,0.000295259628181721
0.8205959689948419,0.8377703018153957,0.,0.00031491418266327287
0.7906697732705175,0.8176097296033273,0.,0.00031631891358235853
0.7743951730050809,0.836878816451615,0.,0.0003175840987931777
0.7535120314975536,0.85857533286256,0.,0.00033283116634008625
0.7318366446190409,0.8489208415153079,0.,0.00020832530856246256
0.7364390335784097,0.8255659162600486,0.,0.0002244939695723036
0.7904200121711022,0.8315061517180833,0.,0.00037605440469246076
0.8042006034804043,0.8414098635270376,0.,0.0003328454458292329
0.2231334707470432,0.2636559092861387,0.,0.00029345722706587696
0.24317515537742868,0.2576476532923073,0.,0.00021880679844177991
0.8234167065495281,0.7505866512172883,0.,0.0002325551820746008
0.8228196518402708,0.7649771101964751,0.,0.00020935928963378148
0.836091601641469,0.7835155217027374,0.,0.00028672931805256985
0.807141785091025,0.7840317576739515,0.,0.0002261849681760575
0.8466069123099351,0.7740328761279801,0.,0.0003530635721836206
0.8376544467726538,0.8203077615737883,0.,0.0002198060540365976
0.7972972564911944,0.7932467020748436,0.,0.00024100681806837887
0.7813998247681999,0.7719800491480685,0.,0.00022039520555838799
0.8723267999116973,0.8064857372880598,0.,0.00021963532780128192
0.8567926500559523,0.7851605166576229,0.,0.0003076471079609955
0.7793760831645977,0.7503377074459383,0.,0.00019968439947737338
0.7890549569456132,0.7619497774227547,0.,0.0002513749422229927
0.8179150716424057,0.7890426887864659,0.,0.00016811271010230833
0.8406453409130343,0.8065865081981871,0.,0.0001877885150221581
0.8337576366255093,0.7998303631971664,0.,0.00017533394979296624
0.8213503095167138,0.8007640177308826,0.,0.00017515754995062194
0.8531650436750111,0.8013993072334009,0.,0.00019203780961118966
0.8503172311427123,0.8228860892523677,0.,0.00023491055286206652
0.8442338995147098,0.8508865643111154,0.,0.00022647877851900144
0.8092105711423946,0.8672684849127924,0.,0.00037362432196452744
0.8490189110858275,0.86606675052597,0.,0.00022808149202513395
0.8247546303643845,0.8616279049483035,0.,0.0002549725281875692
0.7756753437112766,0.8698468701165929,0.,0.0001880072412604461
0.765531687585777,0.8595658124591493,0.,0.00023446344288274856
0.08885832776772887,0.20163888287970716,0.,0.0003533372224570784
0.110866418733966,0.19763543907747455,0.,0.00022034208561073736
0.14527332734320686,0.2435659624560196,0.,0.00021722155922853856
0.16768048576601427,0.23271911974242815,0.,0.0002842024080350683
0.13240779477570258,0.24658364343379247,0.,0.00021147476988479276
0.1346151101162999,0.2176492561737573,0.,0.0002997488346135821
0.8666882795626911,0.7517087762909993,0.,0.00024346490540505528
0.8671143436970687,0.780320667491131,0.,0.00023436084375128008
0.7944350446142014,0.6888092289624195,0.,0.0002651096151025656
0.789779895640508,0.713352211824688,0.,0.0002249751625494345
0.9111907710375752,0.794435044614201,0.,0.00026510961510239905
0.8866477881753079,0.7897798956405079,0.,0.00022497516254932348
