0.0010285070621579551
0.0009518403296958147
0.0010266256799972423
0.0008861154383345785
0.0014520147446795875
0.0009518403381488794
0.0009207258834784157
0.001343800547635332
0.001644779271838575
0.0008793459679014553
0.0004613206207056071
0.0018160154098389725
0.0012306627255883242
0.0013972445318528922
0.0013425406440394465
0.0010797343404647247
0.0007977190399003967
0.0010203469077277316
0.0012093811297352805
0.0009576437052260453
0.0011238834037216594
0.0009886155355267809
0.0009302247947045872
0.0008863673418421794
0.0008820985254003391
0.0007067088585480647
0.0008910213029027034
0.0010063039616299858
0.0009747722171136383
0.0009096768334033332
0.0017203292895706344
0.0015640425961025526
0.0008999208934886531
0.0013089210495143937
0.0010113978092869819
0.0013700466416904289
0.0008610986988444418
0.0013194902598872432
0.0012896056560957186
0.0009345732283582084
0.0004613209830534454
0.001951745490349474
0.001115315790331797
0.0009345729693176937
0.000805297082759622
0.0011263622745570773
0.0009544479361671132
0.0009426977136735085
0.0015889445058656915
0.0008820806904827477
0.0009280405415429023
0.0013693417970001495
0.0007067092323790117
0.0019068208999470926
0.0012706037611961013
0.0018160154205830725
0.0010181441980602725
0.000883215657938835
0.001011397809286524
0.0011263622757528569
0.0013995156596749991
0.0008357194349892724
0.0009345732283578823
0.0010838002141798139
0.0009403383976336957
0.0009544479361671132
0.0009664095980614906
0.0010266456435812435
0.0011263622757528569
0.0013995156596753877
0.0009345732283579378
0.0013995156596751102
0.0009345732283578267
0.0009616433545845404
0.0010113978092864961
0.0010203469077278982
0.0009664095980617682
0.0015889445091130383
0.001694898991035823
0.0009426977192387165
0.0012872499938306188
0.0015889445091130106
0.001588944509113066
0.001198129439690887
0.000976347819628803
0.0011263622757525793
0.0010711828719961458
0.0010113978092866072
0.0014433904890056026
0.0015889445091135102
0.001308921111941086
0.0009664095980616016
0.0009426977192387165
0.0011063270724484308
0.0013243917739910738
0.0009544479361673908
0.0016645264682600414
0.0011238834037216594
0.0008861154747200062
0.0009302247947045594
0.0009974745543059882
0.001126362275753079
0.0009616433441123964
0.000942697719238994
0.0010113978092871068
0.0012104876875794757
0.0008442652620519603
0.0009345732283583263
0.0009426977192387165
0.0013908726260851711
0.0008828752329728684
0.0015876368249601487
0.0008442653540476353
0.0010203469077278426
0.0008896805415563591
0.0009302247947047815
0.0011763942749595802
0.0008828752329730349
0.0019841635746077613
0.00128249502578099
0.00137614129841164
0.0011981294185134453
0.0011153641943700832
0.0016075727940020046
0.0009542708943952212
0.0011874191946516406
0.0016075727940020323
0.0011332282912172031
0.0011148153916769044
0.0013886616609030678
0.0009542708599095673
0.0011874192151604124
0.0018289495946540533
0.0016397069209138915
0.0016075727940021434
0.0011232682039131192
0.0011148153916770154
0.0013886616609030678
0.0015606115521016317
0.0011244429290949987
0.000924708243623281
0.0009681056200196124
0.0009247082692965258
0.0010461150578813805
0.0009222227753715988
0.0009430217854353232
0.0008820985254003356
0.0013479087643231968
0.0017130182410756215
0.0017813791547491853
0.001367974856300122
0.0017428113462495953
0.00108022682920067
0.001742811049657067
0.0011010785702670195
0.0018356570829815948
0.0009915346708789519
0.0009943398849179344
0.0013922919942584763
0.0008610986988444452
0.0009915346760081545
0.000994339900745933
0.0010073719222440936
0.0012980310721365518
0.0017158440169720082
0.001782549520299652
0.001549363949704119
0.001342056623339416
0.001237214749268356
0.0009715579530029661
0.0012281319302238636
0.0008896805415564146
0.0013391897088027016
0.0018406702106851247
0.0011953237227932956
0.001955965052144848
0.001515184501898529
0.0015335305102684126
0.0010754866235120897
0.0010587198429354294
0.0012744603484667327
0.0012891604255747535
0.0009965471557253913
0.0009451580760377887
0.000919773553887282
0.0009033070546290989
0.0013413360680497588
0.001402169723460689
0.0008731007358555257
0.0008644338747708473
0.001017891348455341
0.0009159875423935537
0.0010178913484553687
0.0009159875423935815
0.001016606431438732
0.0010000045600474057
0.0010178913484553131
0.000915987542393637
0.0008154111966137312
0.0009728714182926281
0.0008154112362927513
0.0009728712397256145
0.00092508001820929
0.0008999208934886531
0.0010436009633308877
0.0015675442459813366
0.0009443359341107516
0.0009497958250857287
0.0014605495002398203
0.0013687451479916651
0.0008698528437722716
0.0009247082436232758
0.0008698528184740151
0.0009987275904922432
0.0011093038017521983
0.0010457585990446099
